           а          б          в          г          д          е          ё
а 0.00001338 0.00058899 0.00331864 0.00080710 0.00175515 0.00094649 0.00000000
б 0.00093560 0.00000965 0.00008059 0.00000965 0.00002085 0.00201589 0.00000031
в 0.00542818 0.00001493 0.00003889 0.00003827 0.00027785 0.00418859 0.00000124
г 0.00088644 0.00000000 0.00003952 0.00004076 0.00094867 0.00056472 0.00000000
д 0.00408934 0.00003049 0.00089484 0.00000778 0.00002738 0.00423713 0.00000124
е 0.00003547 0.00104388 0.00148166 0.00321970 0.00250563 0.00153020 0.00000218
ё 0.00000000 0.00000000 0.00000093 0.00000124 0.00000093 0.00000000 0.00000000
ж 0.00128222 0.00005756 0.00000000 0.00001120 0.00070536 0.00350937 0.00000031
з 0.00485413 0.00016179 0.00075483 0.00039266 0.00157749 0.00023927 0.00000000
и 0.00008961 0.00042813 0.00236779 0.00050343 0.00142783 0.00272125 0.00000000
й 0.00000249 0.00000809 0.00001151 0.00000902 0.00015028 0.00000529 0.00000000
к 0.00787438 0.00000124 0.00034537 0.00000342 0.00000747 0.00052303 0.00000093
л 0.00640050 0.00002271 0.00001151 0.00011886 0.00023802 0.00411299 0.00000436
м 0.00265498 0.00002894 0.00001587 0.00005632 0.00000591 0.00357564 0.00000031
н 0.01007136 0.00001431 0.00002800 0.00011886 0.00089484 0.00846804 0.00000031
о 0.00000902 0.00315965 0.00775895 0.00452649 0.00447578 0.00227383 0.00000000
п 0.00114314 0.00000062 0.00000031 0.00000373 0.00000000 0.00242815 0.00000000
р 0.00817277 0.00015557 0.00029030 0.00030865 0.00032203 0.00578755 0.00000031
с 0.00139858 0.00005103 0.00172839 0.00001960 0.00028501 0.00268236 0.00059615
т 0.00523963 0.00002800 0.00247856 0.00001276 0.00015215 0.00420726 0.00000373
у 0.00002240 0.00055103 0.00080306 0.00114531 0.00161078 0.00019820 0.00000000
ф 0.00013846 0.00000031 0.00000000 0.00000031 0.00000000 0.00013441 0.00000000
х 0.00078439 0.00000093 0.00012010 0.00000685 0.00000404 0.00003111 0.00000000
ц 0.00052863 0.00000000 0.00002085 0.00000747 0.00000093 0.00085969 0.00000000
ч 0.00204794 0.00000031 0.00000498 0.00000031 0.00000000 0.00298696 0.00000000
ш 0.00137120 0.00000000 0.00001680 0.00000000 0.00000000 0.00214968 0.00000031
щ 0.00035968 0.00000000 0.00000031 0.00000000 0.00000000 0.00121096 0.00000062
ъ 0.00000000 0.00000000 0.00000000 0.00000000 0.00000000 0.00017175 0.00000062
ы 0.00000156 0.00035003 0.00103610 0.00008619 0.00010050 0.00104326 0.00000000
ь 0.00000622 0.00009614 0.00002240 0.00003454 0.00004729 0.00122434 0.00000062
э 0.00000000 0.00000000 0.00000000 0.00000498 0.00000373 0.00000000 0.00000000
ю 0.00000280 0.00038862 0.00000996 0.00000809 0.00041164 0.00000280 0.00000000
я 0.00000187 0.00004574 0.00029341 0.00014717 0.00058837 0.00010952 0.00000000
  0.00236530 0.00681650 0.01678425 0.00555420 0.00706884 0.00391510 0.00000062
           ж          з          и          й          к          л          м
а 0.00112945 0.00372157 0.00012726 0.00061886 0.00388274 0.00825273 0.00259928
б 0.00000622 0.00000685 0.00069478 0.00000000 0.00020255 0.00074083 0.00003827
в 0.00000093 0.00046796 0.00302461 0.00000031 0.00014250 0.00102086 0.00101526
г 0.00000124 0.00000124 0.00069727 0.00000000 0.00007436 0.00162012 0.00000342
д 0.00001369 0.00000311 0.00236188 0.00000000 0.00017984 0.00075079 0.00012072
е 0.00097543 0.00118825 0.00018046 0.00226947 0.00107468 0.00568425 0.00376015
ё 0.00000031 0.00000062 0.00000000 0.00000000 0.00000000 0.00000156 0.00000062
ж 0.00001805 0.00000000 0.00128066 0.00000000 0.00007779 0.00000404 0.00000653
з 0.00014966 0.00006938 0.00033946 0.00000000 0.00011792 0.00019913 0.00025078
и 0.00037057 0.00278037 0.00088769 0.00131644 0.00187308 0.00436532 0.00280775
й 0.00000031 0.00000156 0.00000498 0.00000031 0.00006410 0.00007654 0.00004138
к 0.00001991 0.00000965 0.00249225 0.00000000 0.00001649 0.00036715 0.00000591
л 0.00034257 0.00000498 0.00592757 0.00000000 0.00054076 0.00009832 0.00000778
м 0.00000031 0.00000622 0.00313538 0.00000000 0.00007374 0.00010454 0.00002458
н 0.00001556 0.00001369 0.00769859 0.00000000 0.00020442 0.00000498 0.00000436
о 0.00163070 0.00090978 0.00078781 0.00323059 0.00260177 0.00649820 0.00476701
п 0.00000000 0.00000000 0.00074674 0.00000000 0.00006441 0.00069074 0.00000000
р 0.00030741 0.00003236 0.00490702 0.00000000 0.00022962 0.00008681 0.00029496
с 0.00001991 0.00002676 0.00138676 0.00000000 0.00483017 0.00265995 0.00090791
т 0.00000093 0.00000653 0.00333389 0.00000000 0.00039608 0.00023336 0.00002489
у 0.00120288 0.00085626 0.00002116 0.00006441 0.00075856 0.00114780 0.00090356
ф 0.00000000 0.00000000 0.00054232 0.00000000 0.00000436 0.00006503 0.00000249
х 0.00000062 0.00000062 0.00014810 0.00000000 0.00000529 0.00008463 0.00004978
ц 0.00000062 0.00000000 0.00023429 0.00000000 0.00011979 0.00000280 0.00000187
ч 0.00000000 0.00000000 0.00135938 0.00000000 0.00021998 0.00003547 0.00000436
ш 0.00000000 0.00000000 0.00176573 0.00000000 0.00037213 0.00039764 0.00001431
щ 0.00000000 0.00000000 0.00070100 0.00000000 0.00000000 0.00000000 0.00000000
ъ 0.00000000 0.00000000 0.00000031 0.00000000 0.00000000 0.00000000 0.00000000
ы 0.00001960 0.00005352 0.00001805 0.00134040 0.00017548 0.00222933 0.00141352
ь 0.00000093 0.00012726 0.00013752 0.00000031 0.00103299 0.00000093 0.00028376
э 0.00000000 0.00000311 0.00000000 0.00001089 0.00004978 0.00008930 0.00000467
ю 0.00000622 0.00002240 0.00000249 0.00000000 0.00001805 0.00005321 0.00001991
я 0.00047791 0.00098445 0.00002178 0.00003703 0.00013628 0.00081270 0.00035501
  0.00186716 0.00360583 0.01186354 0.00001307 0.00938000 0.00249007 0.00530653
           н          о          п          р          с          т          у
а 0.00479439 0.00002676 0.00090480 0.00286157 0.00350968 0.00459308 0.00013286
б 0.00026229 0.00212479 0.00000000 0.00108184 0.00007281 0.00000653 0.00097979
в 0.00110207 0.00722627 0.00022900 0.00060953 0.00294776 0.00020815 0.00077817
г 0.00023553 0.00847707 0.00000187 0.00113474 0.00010859 0.00000840 0.00060984
д 0.00156753 0.00350595 0.00009614 0.00181956 0.00037990 0.00019758 0.00155042
е 0.00737905 0.00052303 0.00086809 0.00638744 0.00449134 0.00360116 0.00007063
ё 0.00000187 0.00000000 0.00000000 0.00000560 0.00000093 0.00003578 0.00000000
ж 0.00110704 0.00004916 0.00000000 0.00000280 0.00002240 0.00000031 0.00014593
з 0.00154451 0.00062695 0.00001960 0.00019726 0.00021687 0.00001431 0.00026074
и 0.00303239 0.00019664 0.00020878 0.00053268 0.00289269 0.00308124 0.00000965
й 0.00040635 0.00001960 0.00001338 0.00001960 0.00072807 0.00022931 0.00000311
к 0.00145739 0.00795746 0.00000467 0.00143561 0.00019260 0.00045551 0.00139641
л 0.00026976 0.00592259 0.00016646 0.00000062 0.00118110 0.00004263 0.00112291
м 0.00102739 0.00329562 0.00021251 0.00004636 0.00016833 0.00004574 0.00221502
н 0.00261639 0.00830189 0.00001276 0.00006347 0.00057157 0.00043467 0.00209554
о 0.00626889 0.00020629 0.00123679 0.00603336 0.00692384 0.00650629 0.00006161
п 0.00006534 0.00835572 0.00004729 0.00597424 0.00000747 0.00004014 0.00062695
р 0.00060922 0.00748266 0.00006721 0.00002022 0.00025234 0.00056503 0.00271005
с 0.00085689 0.00278317 0.00161701 0.00030119 0.00087898 0.01390525 0.00075016
т 0.00091694 0.01429916 0.00006347 0.00474647 0.00091662 0.00011419 0.00139516
у 0.00027598 0.00001774 0.00064406 0.00060330 0.00134071 0.00129871 0.00000622
ф 0.00000124 0.00007312 0.00000062 0.00055383 0.00001276 0.00001245 0.00007561
х 0.00010548 0.00203642 0.00000716 0.00009894 0.00008650 0.00003578 0.00010952
ц 0.00000560 0.00034910 0.00000093 0.00000000 0.00000124 0.00000156 0.00055228
ч 0.00049721 0.00006721 0.00000000 0.00002085 0.00000249 0.00338927 0.00057188
ш 0.00035035 0.00025763 0.00003547 0.00000218 0.00000124 0.00009988 0.00028438
щ 0.00002831 0.00000031 0.00000000 0.00000249 0.00000000 0.00000000 0.00008588
ъ 0.00000000 0.00000000 0.00000000 0.00000000 0.00000031 0.00000000 0.00000031
ы 0.00025047 0.00000653 0.00011139 0.00027972 0.00077879 0.00064157 0.00000404
ь 0.00103517 0.00004232 0.00001649 0.00000187 0.00085471 0.00007250 0.00000062
э 0.00002738 0.00000000 0.00002769 0.00001711 0.00003889 0.00216773 0.00000000
ю 0.00004138 0.00000685 0.00000902 0.00005321 0.00013659 0.00042658 0.00000093
я 0.00057530 0.00001120 0.00003889 0.00005476 0.00078470 0.00132111 0.00000467
  0.01456580 0.01131250 0.01504714 0.00442444 0.01661032 0.00680063 0.00348355
           ф          х          ц          ч          ш          щ          ъ
а 0.00048912 0.00092036 0.00007250 0.00072963 0.00121345 0.00023149 0.00000000
б 0.00000000 0.00009023 0.00000280 0.00001805 0.00000342 0.00019260 0.00010237
в 0.00000000 0.00003765 0.00001182 0.00004014 0.00111109 0.00000404 0.00001213
г 0.00000031 0.00000000 0.00000187 0.00002489 0.00000716 0.00000000 0.00000000
д 0.00000560 0.00003952 0.00011263 0.00003143 0.00011761 0.00000031 0.00016428
е 0.00001525 0.00087742 0.00022340 0.00093094 0.00064002 0.00056410 0.00000000
ё 0.00000000 0.00000000 0.00000000 0.00000000 0.00000031 0.00000000 0.00000000
ж 0.00000000 0.00000000 0.00000000 0.00003485 0.00000000 0.00000000 0.00000000
з 0.00000000 0.00000031 0.00000342 0.00001369 0.00000965 0.00000000 0.00001556
и 0.00003423 0.00169915 0.00112073 0.00122559 0.00032545 0.00013099 0.00000000
й 0.00000187 0.00000249 0.00002769 0.00005943 0.00010112 0.00000031 0.00000000
к 0.00000093 0.00000093 0.00001151 0.00001805 0.00000871 0.00000000 0.00000000
л 0.00000716 0.00000529 0.00000031 0.00018233 0.00000653 0.00000218 0.00000000
м 0.00000747 0.00000124 0.00002271 0.00002396 0.00000653 0.00000498 0.00000000
н 0.00000902 0.00000685 0.00067518 0.00020598 0.00002178 0.00010734 0.00000622
о 0.00032048 0.00052707 0.00006907 0.00125608 0.00103361 0.00013130 0.00000000
п 0.00001836 0.00000000 0.00001276 0.00008059 0.00000467 0.00000156 0.00000000
р 0.00001680 0.00009334 0.00007872 0.00006752 0.00026914 0.00004636 0.00000000
с 0.00001307 0.00015806 0.00002520 0.00031519 0.00008090 0.00000031 0.00002022
т 0.00000809 0.00001213 0.00010330 0.00016242 0.00000093 0.00001276 0.00004574
у 0.00001151 0.00030959 0.00000747 0.00074021 0.00067300 0.00025327 0.00000000
ф 0.00000280 0.00000000 0.00000000 0.00000031 0.00000000 0.00000000 0.00000000
х 0.00000093 0.00000218 0.00000000 0.00000156 0.00000778 0.00000000 0.00000249
ц 0.00000000 0.00000000 0.00000000 0.00000031 0.00000000 0.00000000 0.00000000
ч 0.00000000 0.00000000 0.00000000 0.00000093 0.00008650 0.00000000 0.00000000
ш 0.00000000 0.00000000 0.00000156 0.00000000 0.00000187 0.00000000 0.00000000
щ 0.00000000 0.00000000 0.00000000 0.00000000 0.00000000 0.00000000 0.00000000
ъ 0.00000000 0.00000000 0.00000000 0.00000000 0.00000000 0.00000000 0.00000000
ы 0.00000093 0.00100250 0.00000622 0.00016459 0.00045800 0.00000280 0.00000000
ь 0.00000467 0.00000124 0.00008183 0.00005601 0.00043715 0.00000809 0.00000000
э 0.00000156 0.00000653 0.00000062 0.00000000 0.00000031 0.00000000 0.00000000
ю 0.00000000 0.00000653 0.00002240 0.00007405 0.00007810 0.00045707 0.00000000
я 0.00000156 0.00019291 0.00003640 0.00013877 0.00001400 0.00020504 0.00000000
  0.00083822 0.00104637 0.00032763 0.00518892 0.00073647 0.00005694 0.00000031
           ы          ь          э          ю          я           
а 0.00000000 0.00000000 0.00000404 0.00070723 0.00232454 0.01693453
б 0.00363103 0.00003423 0.00000031 0.00000373 0.00040324 0.00028314
в 0.00242255 0.00015059 0.00000062 0.00000249 0.00019758 0.00800662
г 0.00000062 0.00000093 0.00000031 0.00000280 0.00000000 0.00171221
д 0.00057468 0.00036621 0.00000156 0.00004045 0.00039422 0.00193095
е 0.00000000 0.00000000 0.00000156 0.00036310 0.00036901 0.01579793
ё 0.00000000 0.00000000 0.00000000 0.00000000 0.00000000 0.00056348
ж 0.00000000 0.00003952 0.00000031 0.00003609 0.00000000 0.00018762
з 0.00053765 0.00059584 0.00000000 0.00006410 0.00047262 0.00120474
и 0.00000000 0.00000031 0.00000280 0.00035066 0.00183512 0.01821239
й 0.00000000 0.00000000 0.00000187 0.00000000 0.00000031 0.00691171
к 0.00000000 0.00000093 0.00000000 0.00000560 0.00000000 0.00430621
л 0.00095458 0.00348261 0.00000031 0.00101277 0.00172528 0.00695309
м 0.00076541 0.00003111 0.00000218 0.00002956 0.00041755 0.00703492
н 0.00310209 0.00094556 0.00000218 0.00013161 0.00246580 0.00396768
о 0.00000000 0.00000000 0.00002334 0.00078626 0.00060828 0.02093955
п 0.00024114 0.00082515 0.00000062 0.00000000 0.00029123 0.00003765
р 0.00147046 0.00088738 0.00000093 0.00012912 0.00095365 0.00277134
с 0.00034381 0.00269013 0.00000093 0.00010797 0.00287806 0.00279406
т 0.00131986 0.00504921 0.00000218 0.00004574 0.00049503 0.00452587
у 0.00000000 0.00000000 0.00002116 0.00092409 0.00006596 0.00561643
ф 0.00001027 0.00000311 0.00000031 0.00000218 0.00000000 0.00017362
х 0.00000000 0.00000000 0.00000093 0.00000000 0.00000000 0.00330744
ц 0.00014033 0.00000000 0.00000000 0.00000000 0.00000311 0.00022838
ч 0.00000000 0.00016771 0.00000031 0.00000000 0.00000000 0.00032234
ш 0.00000031 0.00024767 0.00000124 0.00000062 0.00000000 0.00008307
щ 0.00000000 0.00001431 0.00000031 0.00000000 0.00000000 0.00000965
ъ 0.00000000 0.00000000 0.00000000 0.00010330 0.00009179 0.00000093
ы 0.00000000 0.00000000 0.00000124 0.00000000 0.00000187 0.00393657
ь 0.00000000 0.00000000 0.00000156 0.00038053 0.00046080 0.00906263
э 0.00000000 0.00000000 0.00000031 0.00000000 0.00000000 0.00001276
ю 0.00000000 0.00000000 0.00000093 0.00003267 0.00000031 0.00311702
я 0.00000000 0.00000000 0.00000156 0.00011201 0.00015090 0.01023937
  0.00000000 0.00000093 0.00239144 0.00003516 0.00128813 0.00000000
