           а          б          в          г          д          е          ё
а 0.00027671 0.00146814 0.00679137 0.00145071 0.00292850 0.00168588 0.00000000
б 0.00112911 0.00001595 0.00010646 0.00001335 0.00002782 0.00242366 0.00000037
в 0.00659218 0.00026967 0.00058310 0.00049223 0.00074075 0.00517226 0.00000148
г 0.00108163 0.00007975 0.00028710 0.00008494 0.00123631 0.00069995 0.00000000
д 0.00489109 0.00007975 0.00117919 0.00109610 0.00007530 0.00507582 0.00000148
е 0.00021069 0.00217959 0.00363846 0.00436178 0.00388216 0.00219739 0.00000260
ё 0.00000260 0.00005898 0.00005749 0.00001113 0.00002893 0.00001966 0.00000000
ж 0.00152972 0.00007790 0.00002226 0.00001892 0.00085314 0.00419337 0.00000037
з 0.00580284 0.00023294 0.00101004 0.00051151 0.00195703 0.00030639 0.00000000
и 0.00033606 0.00142400 0.00514221 0.00123705 0.00268554 0.00375234 0.00000000
й 0.00018435 0.00033013 0.00077376 0.00033235 0.00067992 0.00011684 0.00000000
к 0.00945095 0.00045328 0.00078304 0.00015171 0.00024259 0.00070143 0.00000111
л 0.00773984 0.00030157 0.00081531 0.00037909 0.00062502 0.00535476 0.00000519
м 0.00327124 0.00034237 0.00081048 0.00037872 0.00039467 0.00439479 0.00000074
н 0.01205377 0.00032011 0.00055009 0.00027671 0.00124596 0.01016684 0.00000037
о 0.00020587 0.00510920 0.01208864 0.00598757 0.00640598 0.00333281 0.00000037
п 0.00136354 0.00000148 0.00000371 0.00000593 0.00000148 0.00289549 0.00000000
р 0.00979406 0.00024630 0.00095923 0.00039986 0.00043844 0.00691564 0.00000037
с 0.00170777 0.00019437 0.00226936 0.00015616 0.00051596 0.00324750 0.00071070
т 0.00632289 0.00031381 0.00356465 0.00015505 0.00045291 0.00522085 0.00000445
у 0.00014578 0.00087095 0.00154493 0.00155049 0.00221409 0.00034422 0.00000000
ф 0.00017063 0.00000927 0.00002151 0.00000445 0.00000371 0.00016247 0.00000000
х 0.00097666 0.00015468 0.00051893 0.00014615 0.00020735 0.00010015 0.00000000
ц 0.00063466 0.00001002 0.00005267 0.00001892 0.00000964 0.00103193 0.00000000
ч 0.00244629 0.00001150 0.00004080 0.00014949 0.00000853 0.00356316 0.00000000
ш 0.00163655 0.00001039 0.00002782 0.00000297 0.00000631 0.00256350 0.00000037
щ 0.00042880 0.00000037 0.00000185 0.00000000 0.00000074 0.00144440 0.00000074
ъ 0.00000000 0.00000000 0.00000037 0.00000000 0.00000000 0.00020475 0.00000074
ы 0.00005304 0.00066916 0.00167587 0.00020772 0.00033421 0.00134722 0.00000000
ь 0.00046255 0.00044697 0.00127526 0.00027857 0.00044771 0.00193552 0.00000074
э 0.00000037 0.00000037 0.00000371 0.00000593 0.00000705 0.00000037 0.00000000
ю 0.00011870 0.00056344 0.00032419 0.00013687 0.00066248 0.00008383 0.00000000
я 0.00029823 0.00050966 0.00166696 0.00050855 0.00121665 0.00047702 0.00000000
           ж          з          и          й          к          л          м
а 0.00149040 0.00484176 0.00152490 0.00073927 0.00588556 0.01012382 0.00384730
б 0.00000853 0.00001150 0.00087057 0.00000000 0.00024444 0.00088319 0.00004859
в 0.00005898 0.00069995 0.00492448 0.00000037 0.00083274 0.00138098 0.00152341
г 0.00001743 0.00006306 0.00097963 0.00000037 0.00019659 0.00194850 0.00004674
д 0.00002411 0.00004970 0.00292145 0.00000037 0.00031195 0.00091064 0.00018027
е 0.00137838 0.00198782 0.00151043 0.00270705 0.00219072 0.00715229 0.00549868
ё 0.00000482 0.00002411 0.00001521 0.00000000 0.00002300 0.00001113 0.00000964
ж 0.00002263 0.00000816 0.00153751 0.00000000 0.00010349 0.00000816 0.00002188
з 0.00018880 0.00011536 0.00044957 0.00000000 0.00027560 0.00026151 0.00037983
и 0.00062873 0.00386139 0.00272412 0.00157126 0.00339365 0.00554319 0.00397527
й 0.00013279 0.00015616 0.00061575 0.00000260 0.00066026 0.00023628 0.00039282
к 0.00021291 0.00009718 0.00328385 0.00000037 0.00037204 0.00049185 0.00019251
л 0.00045291 0.00015097 0.00752916 0.00000148 0.00127674 0.00018917 0.00013724
м 0.00012686 0.00016877 0.00447788 0.00000074 0.00063615 0.00029378 0.00026076
н 0.00005304 0.00017545 0.00952142 0.00000000 0.00044289 0.00004562 0.00011536
о 0.00234836 0.00162134 0.00242515 0.00385212 0.00427869 0.00812487 0.00644975
п 0.00000037 0.00000074 0.00089654 0.00000000 0.00008086 0.00082421 0.00000185
р 0.00037464 0.00007864 0.00597903 0.00000037 0.00036388 0.00011647 0.00038874
с 0.00012278 0.00010349 0.00176081 0.00000000 0.00599090 0.00323823 0.00116955
т 0.00011017 0.00012278 0.00432097 0.00000074 0.00074297 0.00035238 0.00020216
у 0.00151043 0.00115805 0.00064987 0.00007752 0.00139507 0.00146481 0.00133980
ф 0.00000185 0.00000519 0.00067398 0.00000000 0.00001261 0.00008012 0.00000742
х 0.00004711 0.00008198 0.00051448 0.00000037 0.00022998 0.00028673 0.00019659
ц 0.00000148 0.00000556 0.00030268 0.00000000 0.00016024 0.00000631 0.00001113
ч 0.00000185 0.00000371 0.00163284 0.00000000 0.00027263 0.00004525 0.00001039
ш 0.00000148 0.00000223 0.00211060 0.00000000 0.00044994 0.00047553 0.00002226
щ 0.00000000 0.00000074 0.00083719 0.00000000 0.00000148 0.00000000 0.00000037
ъ 0.00000000 0.00000000 0.00000037 0.00000000 0.00000037 0.00000000 0.00000000
ы 0.00006269 0.00020550 0.00047739 0.00159908 0.00043436 0.00271150 0.00189917
ь 0.00007011 0.00040914 0.00098668 0.00000111 0.00191623 0.00015394 0.00061834
э 0.00000000 0.00000371 0.00000037 0.00001298 0.00005972 0.00010683 0.00000705
ю 0.00008902 0.00009199 0.00033532 0.00000000 0.00025149 0.00013279 0.00016247
я 0.00068400 0.00146221 0.00096108 0.00004451 0.00098964 0.00112244 0.00073593
           н          о          п          р          с          т          у
а 0.00772983 0.00141547 0.00296893 0.00390813 0.00605545 0.00630731 0.00055491
б 0.00032271 0.00264400 0.00000742 0.00129158 0.00009533 0.00000964 0.00120404
в 0.00188767 0.00911266 0.00110166 0.00140583 0.00450829 0.00080752 0.00106494
г 0.00047034 0.01025401 0.00025594 0.00139730 0.00032419 0.00006232 0.00077154
д 0.00201156 0.00424567 0.00023294 0.00220926 0.00059868 0.00027412 0.00187246
е 0.01028109 0.00191400 0.00297004 0.00808704 0.00740415 0.00504540 0.00058125
ё 0.00002893 0.00003450 0.00004822 0.00004117 0.00005675 0.00010386 0.00001558
ж 0.00134722 0.00007011 0.00001298 0.00000519 0.00004154 0.00001892 0.00017693
з 0.00195443 0.00083237 0.00020624 0.00028413 0.00043065 0.00008754 0.00033940
и 0.00564112 0.00186838 0.00255905 0.00124299 0.00555358 0.00461549 0.00052116
й 0.00105641 0.00052672 0.00079416 0.00035238 0.00171296 0.00052672 0.00017360
к 0.00228605 0.00987121 0.00038911 0.00181237 0.00069475 0.00078229 0.00175154
л 0.00105159 0.00798206 0.00096219 0.00023962 0.00224042 0.00034682 0.00148335
м 0.00183648 0.00457247 0.00104343 0.00024778 0.00107681 0.00031752 0.00283391
н 0.00363772 0.01019244 0.00057272 0.00018213 0.00118290 0.00069809 0.00267033
о 0.00985489 0.00232982 0.00371932 0.00774170 0.01052776 0.00897838 0.00061797
п 0.00008235 0.00996432 0.00005898 0.00712224 0.00001372 0.00004933 0.00074780
р 0.00088096 0.00902623 0.00027412 0.00005972 0.00176823 0.00071961 0.00327792
с 0.00142771 0.00350307 0.00221483 0.00046700 0.00139470 0.01685176 0.00102451
т 0.00158796 0.01740222 0.00050892 0.00576835 0.00157905 0.00040469 0.00176415
у 0.00106086 0.00041433 0.00136169 0.00087503 0.00219369 0.00180680 0.00012092
ф 0.00001484 0.00010386 0.00002003 0.00068029 0.00003561 0.00002263 0.00009459
х 0.00041210 0.00268888 0.00043992 0.00023777 0.00053266 0.00015876 0.00023109
ц 0.00002819 0.00043510 0.00003487 0.00000742 0.00003561 0.00001484 0.00065989
ч 0.00060833 0.00009830 0.00003375 0.00004117 0.00002819 0.00404723 0.00068771
ш 0.00042546 0.00031344 0.00005453 0.00000705 0.00000816 0.00012129 0.00033977
щ 0.00003450 0.00000037 0.00000074 0.00000408 0.00000074 0.00000037 0.00010238
ъ 0.00000000 0.00000037 0.00000000 0.00000000 0.00000037 0.00000000 0.00000037
ы 0.00083014 0.00030120 0.00060573 0.00044549 0.00134648 0.00095997 0.00009644
ь 0.00220852 0.00075855 0.00096479 0.00023035 0.00205051 0.00054341 0.00020253
э 0.00003301 0.00000037 0.00003487 0.00002040 0.00004711 0.00258428 0.00000000
ю 0.00032976 0.00024222 0.00031566 0.00020883 0.00051114 0.00064876 0.00011721
я 0.00215659 0.00080603 0.00111242 0.00033161 0.00211616 0.00211319 0.00024036
           ф          х          ц          ч          ш          щ          ъ
а 0.00069253 0.00120515 0.00013576 0.00134166 0.00152824 0.00028265 0.00000000
б 0.00000000 0.00010757 0.00000334 0.00002411 0.00000482 0.00022961 0.00012204
в 0.00003338 0.00008680 0.00004192 0.00022627 0.00137949 0.00000890 0.00001447
г 0.00001113 0.00000964 0.00000519 0.00016544 0.00001261 0.00000037 0.00000000
д 0.00002226 0.00005082 0.00013799 0.00006899 0.00014689 0.00000074 0.00019585
е 0.00009236 0.00121888 0.00029637 0.00157201 0.00083793 0.00067621 0.00000000
ё 0.00000074 0.00000779 0.00000111 0.00005527 0.00000223 0.00000000 0.00000000
ж 0.00000037 0.00000111 0.00000000 0.00004600 0.00000037 0.00000000 0.00000000
з 0.00000779 0.00000631 0.00000853 0.00004006 0.00002337 0.00000111 0.00001855
и 0.00017322 0.00217032 0.00138246 0.00204049 0.00052079 0.00016618 0.00000037
й 0.00007678 0.00006825 0.00006380 0.00031677 0.00018992 0.00000297 0.00000000
к 0.00002485 0.00004080 0.00002522 0.00015505 0.00003079 0.00000223 0.00000000
л 0.00004748 0.00003895 0.00001076 0.00059312 0.00005193 0.00000631 0.00000000
м 0.00006046 0.00007048 0.00004043 0.00049519 0.00006640 0.00000853 0.00000000
н 0.00003116 0.00005638 0.00080974 0.00034311 0.00004192 0.00012983 0.00000742
о 0.00050298 0.00079231 0.00012315 0.00269147 0.00131643 0.00016321 0.00000000
п 0.00002263 0.00000037 0.00001521 0.00009755 0.00000631 0.00000223 0.00000000
р 0.00003821 0.00012315 0.00009607 0.00010942 0.00033013 0.00005527 0.00000000
с 0.00004711 0.00020290 0.00004043 0.00041322 0.00011610 0.00000148 0.00002411
т 0.00003487 0.00005045 0.00013391 0.00039801 0.00001595 0.00001780 0.00005453
у 0.00004637 0.00041285 0.00001966 0.00128973 0.00082384 0.00030565 0.00000000
ф 0.00000482 0.00000148 0.00000037 0.00000223 0.00000223 0.00000000 0.00000000
х 0.00002708 0.00001855 0.00001187 0.00007567 0.00002782 0.00000148 0.00000297
ц 0.00000148 0.00000148 0.00000000 0.00000556 0.00000148 0.00000000 0.00000000
ч 0.00000074 0.00000223 0.00000000 0.00000779 0.00010460 0.00000000 0.00000000
ш 0.00000037 0.00000074 0.00000260 0.00000185 0.00000260 0.00000000 0.00000000
щ 0.00000037 0.00000000 0.00000000 0.00000000 0.00000000 0.00000000 0.00000000
ъ 0.00000000 0.00000000 0.00000000 0.00000000 0.00000000 0.00000000 0.00000000
ы 0.00002634 0.00123483 0.00001521 0.00029081 0.00056381 0.00000593 0.00000000
ь 0.00004043 0.00008049 0.00011054 0.00045773 0.00055603 0.00001150 0.00000000
э 0.00000185 0.00000779 0.00000111 0.00000111 0.00000037 0.00000000 0.00000000
ю 0.00002448 0.00002745 0.00004488 0.00023925 0.00011870 0.00054824 0.00000000
я 0.00006306 0.00029637 0.00007011 0.00048629 0.00006380 0.00024927 0.00000000
           ы          ь          э          ю          я
а 0.00000000 0.00000000 0.00032790 0.00084758 0.00296337
б 0.00432876 0.00004080 0.00004080 0.00000445 0.00049148
в 0.00288807 0.00017953 0.00029786 0.00000482 0.00026818
г 0.00000074 0.00000111 0.00003116 0.00000334 0.00001261
д 0.00068511 0.00043659 0.00002597 0.00004933 0.00047442
е 0.00000000 0.00000000 0.00024630 0.00043547 0.00057568
ё 0.00000000 0.00000000 0.00006825 0.00000000 0.00000111
ж 0.00000000 0.00004711 0.00001261 0.00004303 0.00000668
з 0.00064097 0.00071033 0.00004154 0.00007641 0.00056715
и 0.00000000 0.00000074 0.00025186 0.00042360 0.00234465
й 0.00000000 0.00000000 0.00006751 0.00000482 0.00006491
к 0.00000000 0.00000111 0.00010275 0.00000853 0.00006343
л 0.00113802 0.00415183 0.00011573 0.00120775 0.00209650
м 0.00091249 0.00003709 0.00007715 0.00003635 0.00056233
н 0.00369818 0.00112726 0.00004748 0.00015802 0.00296485
о 0.00000000 0.00000037 0.00037835 0.00094142 0.00101450
п 0.00028747 0.00098371 0.00000223 0.00000000 0.00034756
р 0.00175302 0.00105789 0.00002188 0.00015394 0.00115397
с 0.00040988 0.00320707 0.00005824 0.00013131 0.00344335
т 0.00157349 0.00601947 0.00011944 0.00005527 0.00065358
у 0.00000000 0.00000037 0.00010052 0.00110278 0.00013947
ф 0.00001224 0.00000371 0.00000037 0.00000260 0.00000260
х 0.00000000 0.00000000 0.00003895 0.00000074 0.00002485
ц 0.00016729 0.00000000 0.00000482 0.00000000 0.00000445
ч 0.00000000 0.00019993 0.00000260 0.00000037 0.00000185
ш 0.00000037 0.00029526 0.00000297 0.00000074 0.00000074
щ 0.00000000 0.00001706 0.00000037 0.00000000 0.00000000
ъ 0.00000000 0.00000000 0.00000000 0.00012315 0.00010942
ы 0.00000000 0.00000000 0.00005490 0.00000037 0.00004154
ь 0.00000000 0.00000000 0.00019659 0.00045624 0.00064727
э 0.00000000 0.00000000 0.00000074 0.00000000 0.00000000
ю 0.00000000 0.00000000 0.00004303 0.00004080 0.00003635
я 0.00000000 0.00000000 0.00016061 0.00013613 0.00025409
