           а          б          в          г          д          е          ё
а 0.00026781 0.00148224 0.00673314 0.00148372 0.00297932 0.00169812 0.00000000
б 0.00116027 0.00001484 0.00011647 0.00001261 0.00002300 0.00239844 0.00000074
в 0.00660405 0.00025594 0.00057643 0.00048889 0.00073444 0.00518784 0.00000148
г 0.00105864 0.00007864 0.00028710 0.00008457 0.00127081 0.00069809 0.00000000
д 0.00480207 0.00007715 0.00116546 0.00110241 0.00008457 0.00502166 0.00000223
е 0.00021737 0.00215659 0.00360842 0.00438960 0.00389329 0.00220778 0.00000371
ё 0.00000371 0.00006157 0.00006157 0.00001187 0.00002819 0.00002374 0.00000000
ж 0.00151340 0.00008235 0.00002226 0.00002003 0.00089320 0.00421748 0.00000074
з 0.00579023 0.00022701 0.00099261 0.00051856 0.00195852 0.00029823 0.00000000
и 0.00031974 0.00144144 0.00509733 0.00121814 0.00272857 0.00377088 0.00000000
й 0.00020030 0.00034126 0.00077895 0.00033977 0.00068400 0.00012315 0.00000000
к 0.00949880 0.00046441 0.00078118 0.00014540 0.00024259 0.00070032 0.00000074
л 0.00769682 0.00031381 0.00082718 0.00038428 0.00062836 0.00546159 0.00000593
м 0.00327087 0.00033161 0.00081827 0.00038058 0.00039319 0.00444524 0.00000148
н 0.01201074 0.00032048 0.00055714 0.00028933 0.00119885 0.01018725 0.00000074
о 0.00019956 0.00511514 0.01208048 0.00588593 0.00642378 0.00334060 0.00000000
п 0.00135241 0.00000074 0.00000445 0.00000519 0.00000223 0.00294593 0.00000000
р 0.00985638 0.00025075 0.00095032 0.00038503 0.00044215 0.00692973 0.00000000
с 0.00173670 0.00018917 0.00223523 0.00014615 0.00052005 0.00321671 0.00070106
т 0.00628728 0.00030194 0.00355352 0.00016024 0.00045773 0.00533176 0.00000445
у 0.00014244 0.00087243 0.00156384 0.00154307 0.00224784 0.00034719 0.00000000
ф 0.00019734 0.00000593 0.00002671 0.00000297 0.00000371 0.00015060 0.00000000
х 0.00098371 0.00014540 0.00052450 0.00013057 0.00020846 0.00010089 0.00000000
ц 0.00062094 0.00000742 0.00005193 0.00001929 0.00000964 0.00102303 0.00000000
ч 0.00241847 0.00001187 0.00004303 0.00015505 0.00000519 0.00352013 0.00000000
ш 0.00167216 0.00001187 0.00002226 0.00000371 0.00000742 0.00254830 0.00000000
щ 0.00042286 0.00000074 0.00000148 0.00000000 0.00000000 0.00145108 0.00000074
ъ 0.00000000 0.00000000 0.00000000 0.00000000 0.00000000 0.00020921 0.00000074
ы 0.00005935 0.00066174 0.00164545 0.00021514 0.00035758 0.00133906 0.00000000
ь 0.00043844 0.00043770 0.00122704 0.00027152 0.00043621 0.00192068 0.00000074
э 0.00000000 0.00000074 0.00000297 0.00000742 0.00000816 0.00000074 0.00000000
ю 0.00012389 0.00054972 0.00032568 0.00013873 0.00066248 0.00007270 0.00000000
я 0.00029897 0.00053414 0.00165138 0.00049482 0.00120182 0.00048295 0.00000000
           ж          з          и          й          к          л          м
а 0.00151043 0.00482284 0.00149263 0.00075447 0.00590670 0.01011603 0.00382801
б 0.00001039 0.00000890 0.00087095 0.00000000 0.00023517 0.00089617 0.00004970
в 0.00006009 0.00069809 0.00496899 0.00000000 0.00083534 0.00137319 0.00155643
г 0.00001558 0.00006380 0.00100596 0.00000074 0.00020921 0.00196297 0.00005045
д 0.00002374 0.00005638 0.00292664 0.00000074 0.00029155 0.00090210 0.00018769
е 0.00130493 0.00193181 0.00149485 0.00273673 0.00221149 0.00710407 0.00550758
ё 0.00000668 0.00002300 0.00001261 0.00000000 0.00002448 0.00000816 0.00000964
ж 0.00002374 0.00000593 0.00148966 0.00000000 0.00011573 0.00000890 0.00002226
з 0.00019437 0.00011870 0.00047924 0.00000000 0.00027523 0.00028413 0.00036796
и 0.00063874 0.00386139 0.00273599 0.00158981 0.00338512 0.00551648 0.00395190
й 0.00013650 0.00015060 0.00062316 0.00000223 0.00067361 0.00023888 0.00037835
к 0.00020104 0.00009422 0.00334505 0.00000000 0.00039912 0.00047405 0.00018917
л 0.00045328 0.00015653 0.00743642 0.00000074 0.00129529 0.00020104 0.00014244
м 0.00012389 0.00016618 0.00454835 0.00000000 0.00061797 0.00030491 0.00026114
н 0.00005490 0.00017730 0.00945280 0.00000000 0.00044586 0.00004377 0.00012686
о 0.00237989 0.00161577 0.00241328 0.00373379 0.00420932 0.00805217 0.00641785
п 0.00000074 0.00000148 0.00091101 0.00000000 0.00008160 0.00084869 0.00000223
р 0.00037464 0.00007270 0.00586590 0.00000000 0.00036796 0.00012760 0.00039690
с 0.00012018 0.00010609 0.00177824 0.00000000 0.00597199 0.00320262 0.00117066
т 0.00011573 0.00013724 0.00437476 0.00000074 0.00073148 0.00034274 0.00021217
у 0.00150895 0.00115063 0.00064987 0.00007493 0.00135538 0.00145553 0.00129677
ф 0.00000000 0.00000519 0.00069364 0.00000000 0.00001335 0.00007493 0.00001039
х 0.00004896 0.00008680 0.00051782 0.00000074 0.00020698 0.00028562 0.00019808
ц 0.00000148 0.00000593 0.00032790 0.00000000 0.00015950 0.00000593 0.00001039
ч 0.00000223 0.00000297 0.00164248 0.00000000 0.00026633 0.00004600 0.00001335
ш 0.00000074 0.00000074 0.00210911 0.00000000 0.00046886 0.00046441 0.00002151
щ 0.00000000 0.00000000 0.00082866 0.00000000 0.00000223 0.00000000 0.00000000
ъ 0.00000000 0.00000000 0.00000074 0.00000000 0.00000000 0.00000000 0.00000000
ы 0.00007122 0.00022182 0.00049705 0.00160836 0.00043621 0.00271892 0.00190881
ь 0.00008383 0.00041767 0.00101190 0.00000074 0.00193403 0.00014392 0.00060907
э 0.00000000 0.00000371 0.00000000 0.00001187 0.00006306 0.00009867 0.00001113
ю 0.00009273 0.00010015 0.00032568 0.00000000 0.00025297 0.00013057 0.00015357
я 0.00065655 0.00147408 0.00098297 0.00005045 0.00100522 0.00112021 0.00072332
           н          о          п          р          с          т          у
а 0.00774800 0.00145257 0.00298748 0.00393335 0.00612926 0.00625019 0.00056159
б 0.00032048 0.00266922 0.00000890 0.00128713 0.00008828 0.00000964 0.00118253
в 0.00187543 0.00924508 0.00110760 0.00143624 0.00452981 0.00078637 0.00108163
г 0.00045031 0.01034304 0.00025891 0.00134203 0.00030120 0.00006528 0.00078712
д 0.00202083 0.00422194 0.00021737 0.00221149 0.00058088 0.00026633 0.00190139
е 0.01030446 0.00188655 0.00293184 0.00809816 0.00745497 0.00497270 0.00057272
ё 0.00002597 0.00003116 0.00004525 0.00004674 0.00005416 0.00010386 0.00001484
ж 0.00135019 0.00007419 0.00001410 0.00000593 0.00004451 0.00001855 0.00017582
з 0.00194219 0.00081308 0.00021440 0.00028710 0.00044734 0.00008457 0.00034126
и 0.00558028 0.00187617 0.00257574 0.00121665 0.00556767 0.00455503 0.00052005
й 0.00108015 0.00052450 0.00079899 0.00033087 0.00170628 0.00053488 0.00016321
к 0.00225229 0.00989273 0.00038948 0.00180421 0.00068622 0.00076931 0.00172928
л 0.00105715 0.00803140 0.00092510 0.00025223 0.00223820 0.00033829 0.00147334
м 0.00186281 0.00457877 0.00102303 0.00024852 0.00109870 0.00031677 0.00280053
н 0.00367593 0.01029259 0.00059275 0.00017063 0.00117437 0.00072480 0.00265141
о 0.00981632 0.00235986 0.00373824 0.00771685 0.01040461 0.00893795 0.00062168
п 0.00008235 0.00990015 0.00005416 0.00714190 0.00001410 0.00004822 0.00073296
р 0.00087836 0.00909745 0.00028562 0.00005045 0.00178715 0.00070848 0.00327384
с 0.00143624 0.00348304 0.00222262 0.00045179 0.00138654 0.01686994 0.00106606
т 0.00160094 0.01750423 0.00052301 0.00577465 0.00159500 0.00040802 0.00179531
у 0.00109054 0.00042583 0.00135761 0.00087836 0.00219443 0.00177824 0.00011721
ф 0.00001706 0.00011425 0.00001484 0.00070625 0.00004006 0.00002745 0.00010015
х 0.00041173 0.00271002 0.00044660 0.00024556 0.00054527 0.00016173 0.00023517
ц 0.00003116 0.00042286 0.00004080 0.00000742 0.00002819 0.00001855 0.00068400
ч 0.00060462 0.00009941 0.00002967 0.00004006 0.00002300 0.00400828 0.00068919
ш 0.00040802 0.00032197 0.00005638 0.00000297 0.00000593 0.00013131 0.00034793
щ 0.00004154 0.00000000 0.00000000 0.00000593 0.00000000 0.00000000 0.00010609
ъ 0.00000000 0.00000000 0.00000000 0.00000000 0.00000074 0.00000000 0.00000074
ы 0.00081976 0.00030936 0.00059423 0.00044957 0.00136206 0.00095626 0.00010238
ь 0.00218849 0.00076783 0.00097332 0.00023591 0.00205051 0.00050669 0.00019511
э 0.00003190 0.00000074 0.00003932 0.00002226 0.00005119 0.00256016 0.00000000
ю 0.00031010 0.00023220 0.00031900 0.00020921 0.00053933 0.00061797 0.00012389
я 0.00216698 0.00080269 0.00108163 0.00032271 0.00205347 0.00209131 0.00023294
           ф          х          ц          ч          ш          щ          ъ
а 0.00063503 0.00120478 0.00010905 0.00135316 0.00152007 0.00029378 0.00000000
б 0.00000000 0.00011202 0.00000297 0.00002522 0.00000371 0.00022182 0.00012686
в 0.00003561 0.00007715 0.00004154 0.00022849 0.00140212 0.00001113 0.00001632
г 0.00001410 0.00001187 0.00000668 0.00015579 0.00001187 0.00000074 0.00000000
д 0.00001929 0.00003709 0.00014986 0.00007048 0.00015208 0.00000074 0.00017730
е 0.00009793 0.00121369 0.00029452 0.00157052 0.00081679 0.00066026 0.00000000
ё 0.00000074 0.00000742 0.00000074 0.00005564 0.00000000 0.00000000 0.00000000
ж 0.00000074 0.00000148 0.00000000 0.00003042 0.00000000 0.00000000 0.00000000
з 0.00000742 0.00000519 0.00000816 0.00003858 0.00002671 0.00000223 0.00001410
и 0.00015802 0.00214769 0.00142512 0.00208834 0.00051782 0.00015134 0.00000074
й 0.00007567 0.00006232 0.00007270 0.00030342 0.00019659 0.00000148 0.00000000
к 0.00002671 0.00004896 0.00002300 0.00015431 0.00002745 0.00000297 0.00000000
л 0.00004525 0.00003042 0.00000964 0.00060684 0.00004674 0.00000668 0.00000000
м 0.00006009 0.00006454 0.00004006 0.00050298 0.00006974 0.00000668 0.00000000
н 0.00003116 0.00005267 0.00077895 0.00035164 0.00004303 0.00011944 0.00000816
о 0.00049408 0.00080492 0.00011128 0.00270854 0.00132719 0.00015357 0.00000000
п 0.00001855 0.00000074 0.00001558 0.00009422 0.00000519 0.00000297 0.00000000
р 0.00003635 0.00012908 0.00009051 0.00011944 0.00032345 0.00005638 0.00000000
с 0.00005490 0.00020846 0.00003932 0.00043102 0.00012241 0.00000000 0.00002003
т 0.00003858 0.00005267 0.00012760 0.00041989 0.00001335 0.00001855 0.00005341
у 0.00004377 0.00040283 0.00002374 0.00130568 0.00081605 0.00032123 0.00000000
ф 0.00000668 0.00000148 0.00000074 0.00000148 0.00000297 0.00000000 0.00000000
х 0.00002300 0.00002077 0.00001113 0.00008235 0.00002671 0.00000148 0.00000297
ц 0.00000223 0.00000074 0.00000000 0.00000519 0.00000148 0.00000000 0.00000000
ч 0.00000148 0.00000148 0.00000000 0.00000668 0.00010312 0.00000000 0.00000000
ш 0.00000074 0.00000074 0.00000223 0.00000148 0.00000371 0.00000000 0.00000000
щ 0.00000000 0.00000000 0.00000000 0.00000000 0.00000000 0.00000000 0.00000000
ъ 0.00000000 0.00000000 0.00000000 0.00000000 0.00000000 0.00000000 0.00000000
ы 0.00002448 0.00124484 0.00001484 0.00029304 0.00058014 0.00000519 0.00000000
ь 0.00003932 0.00007864 0.00010238 0.00044660 0.00052153 0.00001335 0.00000000
э 0.00000148 0.00000816 0.00000148 0.00000148 0.00000074 0.00000000 0.00000000
ю 0.00002597 0.00002967 0.00005045 0.00021588 0.00010757 0.00056233 0.00000000
я 0.00005638 0.00029971 0.00007122 0.00050447 0.00006454 0.00026188 0.00000000
           ы          ь          э          ю          я
а 0.00000000 0.00000000 0.00034571 0.00086649 0.00294667
б 0.00431022 0.00004377 0.00004303 0.00000593 0.00050595
в 0.00287471 0.00018695 0.00030045 0.00000371 0.00026633
г 0.00000148 0.00000074 0.00003413 0.00000297 0.00001261
д 0.00066322 0.00043399 0.00002300 0.00005490 0.00049185
е 0.00000000 0.00000000 0.00024333 0.00042434 0.00058236
ё 0.00000000 0.00000000 0.00007641 0.00000000 0.00000074
ж 0.00000000 0.00004525 0.00001335 0.00004229 0.00000668
з 0.00064023 0.00071515 0.00004006 0.00008086 0.00058459
и 0.00000000 0.00000000 0.00025446 0.00043473 0.00236283
й 0.00000000 0.00000000 0.00006899 0.00000519 0.00006232
к 0.00000000 0.00000148 0.00009347 0.00000668 0.00006083
л 0.00115508 0.00421823 0.00011647 0.00122259 0.00211505
м 0.00090062 0.00003413 0.00007493 0.00003932 0.00053488
н 0.00367593 0.00112095 0.00004451 0.00016247 0.00301864
о 0.00000000 0.00000000 0.00038132 0.00091249 0.00100819
п 0.00028191 0.00098445 0.00000148 0.00000000 0.00035684
р 0.00176415 0.00104528 0.00002077 0.00015653 0.00113431
с 0.00037019 0.00321745 0.00005712 0.00013131 0.00348601
т 0.00156681 0.00610033 0.00012834 0.00006083 0.00063726
у 0.00000000 0.00000074 0.00009496 0.00109721 0.00014244
ф 0.00001558 0.00000297 0.00000000 0.00000000 0.00000297
х 0.00000000 0.00000000 0.00003264 0.00000074 0.00002597
ц 0.00017582 0.00000000 0.00000519 0.00000000 0.00000297
ч 0.00000000 0.00019140 0.00000297 0.00000000 0.00000074
ш 0.00000000 0.00030416 0.00000148 0.00000074 0.00000000
щ 0.00000000 0.00001780 0.00000000 0.00000000 0.00000000
ъ 0.00000000 0.00000000 0.00000000 0.00013724 0.00011128
ы 0.00000000 0.00000000 0.00005787 0.00000074 0.00004080
ь 0.00000000 0.00000000 0.00020253 0.00048221 0.00063355
э 0.00000000 0.00000000 0.00000148 0.00000000 0.00000000
ю 0.00000000 0.00000000 0.00004303 0.00004154 0.00004006
я 0.00000000 0.00000000 0.00015060 0.00012760 0.00026262
