           а          б          в          г          д          е          ё
а 0.00001120 0.00058495 0.00331304 0.00080772 0.00177289 0.00096392 0.00000000
б 0.00093654 0.00001307 0.00008588 0.00000996 0.00002116 0.00196393 0.00000062
в 0.00541449 0.00001431 0.00004169 0.00003796 0.00028314 0.00425145 0.00000062
г 0.00087182 0.00000000 0.00003858 0.00004667 0.00094214 0.00056503 0.00000000
д 0.00409090 0.00002987 0.00087182 0.00000933 0.00002489 0.00424336 0.00000124
е 0.00003111 0.00103424 0.00146610 0.00323090 0.00250220 0.00152335 0.00000187
ё 0.00000000 0.00000000 0.00000062 0.00000062 0.00000124 0.00000000 0.00000000
ж 0.00131924 0.00005787 0.00000000 0.00000996 0.00070567 0.00353457 0.00000062
з 0.00478225 0.00016179 0.00072807 0.00039577 0.00154700 0.00022713 0.00000000
и 0.00008712 0.00043747 0.00239019 0.00050467 0.00143934 0.00271191 0.00000000
й 0.00000187 0.00000747 0.00001307 0.00000871 0.00014935 0.00000560 0.00000000
к 0.00782522 0.00000062 0.00034972 0.00000311 0.00000996 0.00053641 0.00000062
л 0.00637903 0.00002240 0.00001431 0.00011574 0.00023647 0.00407098 0.00000498
м 0.00271938 0.00002489 0.00001245 0.00006036 0.00000685 0.00358871 0.00000000
н 0.01009034 0.00001680 0.00002987 0.00012010 0.00089360 0.00842137 0.00000062
о 0.00001182 0.00317054 0.00775366 0.00450658 0.00445929 0.00227445 0.00000000
п 0.00112011 0.00000124 0.00000000 0.00000373 0.00000000 0.00246238 0.00000000
р 0.00814445 0.00014748 0.00027567 0.00031239 0.00031674 0.00572439 0.00000062
с 0.00140387 0.00005414 0.00174240 0.00001680 0.00029061 0.00267769 0.00058246
т 0.00522159 0.00002738 0.00249785 0.00001431 0.00014624 0.00418175 0.00000249
у 0.00002614 0.00054450 0.00079901 0.00114811 0.00160860 0.00020473 0.00000000
ф 0.00013068 0.00000000 0.00000000 0.00000000 0.00000000 0.00012819 0.00000000
х 0.00079466 0.00000062 0.00012072 0.00000622 0.00000436 0.00002925 0.00000000
ц 0.00051525 0.00000000 0.00002676 0.00000685 0.00000187 0.00087058 0.00000000
ч 0.00204296 0.00000000 0.00000249 0.00000062 0.00000000 0.00295274 0.00000000
ш 0.00136342 0.00000000 0.00002054 0.00000000 0.00000000 0.00219666 0.00000000
щ 0.00036466 0.00000000 0.00000062 0.00000000 0.00000000 0.00119976 0.00000062
ъ 0.00000000 0.00000000 0.00000000 0.00000000 0.00000000 0.00016677 0.00000000
ы 0.00000062 0.00035159 0.00104855 0.00009210 0.00009957 0.00104170 0.00000000
ь 0.00000685 0.00010019 0.00002240 0.00003858 0.00004294 0.00122839 0.00000062
э 0.00000000 0.00000000 0.00000000 0.00000373 0.00000436 0.00000000 0.00000000
ю 0.00000436 0.00039577 0.00001058 0.00000685 0.00040324 0.00000436 0.00000000
я 0.00000124 0.00004418 0.00029621 0.00014126 0.00057375 0.00010641 0.00000000
  0.00235037 0.00684139 0.01673695 0.00549041 0.00705297 0.00391915 0.00000000
           ж          з          и          й          к          л          м
а 0.00111638 0.00378909 0.00012446 0.00061419 0.00387061 0.00828882 0.00263413
б 0.00000809 0.00000747 0.00066771 0.00000000 0.00020909 0.00076416 0.00003858
в 0.00000187 0.00046858 0.00298821 0.00000000 0.00014375 0.00099441 0.00102428
г 0.00000124 0.00000124 0.00070443 0.00000000 0.00008152 0.00163598 0.00000373
д 0.00001245 0.00000249 0.00241197 0.00000000 0.00019913 0.00074114 0.00012446
е 0.00099690 0.00120972 0.00017860 0.00228067 0.00108029 0.00570572 0.00372064
ё 0.00000062 0.00000062 0.00000000 0.00000000 0.00000000 0.00000187 0.00000124
ж 0.00001991 0.00000000 0.00128004 0.00000000 0.00007592 0.00000436 0.00000498
з 0.00014001 0.00006907 0.00033728 0.00000000 0.00011761 0.00021033 0.00024642
и 0.00036964 0.00283513 0.00086560 0.00133418 0.00183947 0.00437092 0.00281335
й 0.00000062 0.00000187 0.00000498 0.00000062 0.00006161 0.00007343 0.00003485
к 0.00002116 0.00000933 0.00248167 0.00000000 0.00001493 0.00035968 0.00000622
л 0.00033852 0.00000498 0.00585258 0.00000000 0.00053641 0.00010890 0.00000809
м 0.00000000 0.00000373 0.00309337 0.00000000 0.00008090 0.00011388 0.00002614
н 0.00001556 0.00001556 0.00774433 0.00000000 0.00019851 0.00000498 0.00000373
о 0.00161047 0.00091911 0.00076914 0.00323152 0.00262915 0.00650909 0.00479594
п 0.00000000 0.00000000 0.00072932 0.00000000 0.00006907 0.00068700 0.00000000
р 0.00030865 0.00003796 0.00485693 0.00000000 0.00021407 0.00007903 0.00027878
с 0.00002116 0.00002489 0.00138396 0.00000000 0.00488929 0.00266649 0.00088862
т 0.00000124 0.00000685 0.00333482 0.00000000 0.00039204 0.00024207 0.00002551
у 0.00118856 0.00085813 0.00002116 0.00007156 0.00075483 0.00113691 0.00088053
ф 0.00000000 0.00000000 0.00054201 0.00000000 0.00000498 0.00006534 0.00000187
х 0.00000062 0.00000062 0.00014437 0.00000000 0.00000124 0.00008339 0.00005103
ц 0.00000062 0.00000000 0.00024020 0.00000000 0.00012632 0.00000311 0.00000062
ч 0.00000000 0.00000000 0.00134476 0.00000000 0.00020909 0.00003920 0.00000311
ш 0.00000000 0.00000000 0.00176604 0.00000000 0.00039266 0.00039515 0.00001369
щ 0.00000000 0.00000000 0.00070754 0.00000000 0.00000000 0.00000000 0.00000000
ъ 0.00000000 0.00000000 0.00000062 0.00000000 0.00000000 0.00000000 0.00000000
ы 0.00001742 0.00005725 0.00001929 0.00135907 0.00018108 0.00226885 0.00145054
ь 0.00000124 0.00012446 0.00013130 0.00000000 0.00106411 0.00000062 0.00028563
э 0.00000000 0.00000124 0.00000000 0.00000996 0.00005538 0.00009148 0.00000373
ю 0.00000498 0.00002054 0.00000436 0.00000000 0.00001991 0.00006285 0.00002116
я 0.00046111 0.00096890 0.00002178 0.00003734 0.00013379 0.00082826 0.00035097
  0.00187059 0.00362978 0.01193354 0.00001369 0.00946681 0.00254141 0.00524648
           н          о          п          р          с          т          у
а 0.00481710 0.00002178 0.00090418 0.00288429 0.00351279 0.00461548 0.00013504
б 0.00027318 0.00213630 0.00000000 0.00106659 0.00007530 0.00000498 0.00096703
в 0.00111078 0.00721352 0.00023149 0.00061046 0.00297950 0.00021282 0.00077661
г 0.00021842 0.00848858 0.00000187 0.00114936 0.00010641 0.00000871 0.00061668
д 0.00157376 0.00348915 0.00009708 0.00181520 0.00037088 0.00019353 0.00160674
е 0.00742634 0.00050903 0.00084817 0.00637530 0.00446364 0.00365592 0.00006596
ё 0.00000062 0.00000000 0.00000000 0.00000622 0.00000062 0.00003360 0.00000000
ж 0.00110580 0.00005289 0.00000000 0.00000311 0.00001929 0.00000062 0.00015619
з 0.00154700 0.00062291 0.00001618 0.00019104 0.00021033 0.00001431 0.00026074
и 0.00305230 0.00020038 0.00021282 0.00054325 0.00292100 0.00308466 0.00000933
й 0.00041009 0.00001991 0.00001493 0.00001680 0.00073990 0.00022776 0.00000249
к 0.00143748 0.00788683 0.00000249 0.00141694 0.00019602 0.00046236 0.00139018
л 0.00025949 0.00592539 0.00018482 0.00000062 0.00115185 0.00003920 0.00113007
м 0.00103735 0.00325704 0.00021469 0.00004978 0.00017051 0.00004418 0.00223773
н 0.00263848 0.00823157 0.00001245 0.00006410 0.00056939 0.00044431 0.00210021
о 0.00624524 0.00017922 0.00124892 0.00604549 0.00693785 0.00652963 0.00006347
п 0.00006596 0.00837159 0.00004729 0.00607287 0.00000498 0.00004232 0.00063660
р 0.00061731 0.00747363 0.00006285 0.00002551 0.00025203 0.00055694 0.00273867
с 0.00087493 0.00280526 0.00162105 0.00029123 0.00088675 0.01387134 0.00074238
т 0.00089982 0.01429884 0.00005849 0.00472811 0.00092098 0.00012321 0.00139392
у 0.00027069 0.00001991 0.00063349 0.00060984 0.00134351 0.00129186 0.00000809
ф 0.00000062 0.00007094 0.00000062 0.00055881 0.00001556 0.00001058 0.00007716
х 0.00011201 0.00204669 0.00000996 0.00009272 0.00008214 0.00003298 0.00010703
ц 0.00000622 0.00032919 0.00000062 0.00000000 0.00000187 0.00000062 0.00054699
ч 0.00048849 0.00006472 0.00000000 0.00002551 0.00000124 0.00343127 0.00056939
ш 0.00036964 0.00025825 0.00003858 0.00000311 0.00000187 0.00010019 0.00029123
щ 0.00002863 0.00000062 0.00000000 0.00000373 0.00000000 0.00000000 0.00008463
ъ 0.00000000 0.00000000 0.00000000 0.00000000 0.00000000 0.00000000 0.00000062
ы 0.00024518 0.00000498 0.00010579 0.00028874 0.00077350 0.00062851 0.00000311
ь 0.00106535 0.00004667 0.00001805 0.00000249 0.00084880 0.00007903 0.00000062
э 0.00002427 0.00000000 0.00002427 0.00001680 0.00003547 0.00214377 0.00000000
ю 0.00004418 0.00000373 0.00000809 0.00005289 0.00015308 0.00044804 0.00000062
я 0.00056752 0.00000809 0.00003423 0.00004854 0.00077661 0.00132173 0.00000373
  0.01451042 0.01133739 0.01496033 0.00446738 0.01652662 0.00676174 0.00345990
           ф          х          ц          ч          ш          щ          ъ
а 0.00049907 0.00089733 0.00007405 0.00076292 0.00117114 0.00024456 0.00000000
б 0.00000000 0.00008774 0.00000249 0.00002054 0.00000436 0.00018482 0.00009583
в 0.00000000 0.00004107 0.00001058 0.00003858 0.00111264 0.00000498 0.00001369
г 0.00000062 0.00000000 0.00000124 0.00002427 0.00000809 0.00000000 0.00000000
д 0.00000622 0.00004480 0.00011699 0.00003485 0.00010641 0.00000062 0.00016304
е 0.00001556 0.00090480 0.00020784 0.00093778 0.00062415 0.00056441 0.00000000
ё 0.00000000 0.00000000 0.00000000 0.00000000 0.00000062 0.00000000 0.00000000
ж 0.00000000 0.00000000 0.00000000 0.00003174 0.00000000 0.00000000 0.00000000
з 0.00000000 0.00000062 0.00000311 0.00001245 0.00000933 0.00000000 0.00001307
и 0.00003174 0.00168701 0.00113567 0.00124146 0.00033479 0.00012632 0.00000000
й 0.00000187 0.00000373 0.00002054 0.00006161 0.00009770 0.00000062 0.00000000
к 0.00000062 0.00000062 0.00000809 0.00001991 0.00000747 0.00000000 0.00000000
л 0.00000747 0.00000560 0.00000062 0.00016739 0.00000809 0.00000311 0.00000000
м 0.00000933 0.00000124 0.00002116 0.00002489 0.00000622 0.00000498 0.00000000
н 0.00000809 0.00000498 0.00067020 0.00020784 0.00002178 0.00010641 0.00000498
о 0.00031425 0.00052272 0.00007032 0.00127319 0.00102864 0.00013130 0.00000000
п 0.00001805 0.00000000 0.00001431 0.00008090 0.00000311 0.00000187 0.00000000
р 0.00001867 0.00009521 0.00007654 0.00006783 0.00026945 0.00004543 0.00000000
с 0.00001307 0.00015370 0.00002551 0.00031239 0.00007841 0.00000000 0.00001556
т 0.00000498 0.00000996 0.00011077 0.00015806 0.00000124 0.00001867 0.00005103
у 0.00001307 0.00029683 0.00000871 0.00077350 0.00064966 0.00026074 0.00000000
ф 0.00000124 0.00000000 0.00000000 0.00000000 0.00000000 0.00000000 0.00000000
х 0.00000124 0.00000124 0.00000000 0.00000187 0.00000747 0.00000000 0.00000249
ц 0.00000000 0.00000000 0.00000000 0.00000000 0.00000000 0.00000000 0.00000000
ч 0.00000000 0.00000000 0.00000000 0.00000124 0.00007343 0.00000000 0.00000000
ш 0.00000000 0.00000000 0.00000249 0.00000000 0.00000124 0.00000000 0.00000000
щ 0.00000000 0.00000000 0.00000000 0.00000000 0.00000000 0.00000000 0.00000000
ъ 0.00000000 0.00000000 0.00000000 0.00000000 0.00000000 0.00000000 0.00000000
ы 0.00000187 0.00100001 0.00000685 0.00015993 0.00048040 0.00000249 0.00000000
ь 0.00000373 0.00000187 0.00009272 0.00005352 0.00043871 0.00000809 0.00000000
э 0.00000187 0.00000747 0.00000124 0.00000000 0.00000000 0.00000000 0.00000000
ю 0.00000000 0.00000373 0.00002302 0.00007094 0.00008152 0.00044307 0.00000000
я 0.00000124 0.00018980 0.00003920 0.00013441 0.00001182 0.00019851 0.00000000
  0.00085440 0.00104108 0.00031176 0.00515251 0.00072496 0.00006223 0.00000000
           ы          ь          э          ю          я           
а 0.00000000 0.00000000 0.00000373 0.00068576 0.00230370 0.01693546
б 0.00361423 0.00003111 0.00000062 0.00000373 0.00043435 0.00029621
в 0.00240762 0.00014935 0.00000000 0.00000249 0.00019540 0.00803120
г 0.00000124 0.00000124 0.00000000 0.00000249 0.00000000 0.00173804
д 0.00057250 0.00037150 0.00000124 0.00004045 0.00038457 0.00193655
е 0.00000000 0.00000000 0.00000062 0.00034412 0.00034848 0.01587820
ё 0.00000000 0.00000000 0.00000000 0.00000000 0.00000000 0.00058184
ж 0.00000000 0.00003485 0.00000062 0.00003111 0.00000000 0.00017922
з 0.00054450 0.00059490 0.00000000 0.00005912 0.00047294 0.00120474
и 0.00000000 0.00000062 0.00000187 0.00035284 0.00185938 0.01818065
й 0.00000000 0.00000000 0.00000124 0.00000000 0.00000062 0.00686753
к 0.00000000 0.00000187 0.00000000 0.00000436 0.00000000 0.00427198
л 0.00093654 0.00341696 0.00000000 0.00101557 0.00175982 0.00695403
м 0.00078097 0.00002987 0.00000062 0.00002676 0.00042938 0.00701625
н 0.00307097 0.00094338 0.00000311 0.00013752 0.00245367 0.00396831
о 0.00000000 0.00000000 0.00002800 0.00078034 0.00060673 0.02110228
п 0.00024082 0.00081270 0.00000000 0.00000000 0.00028376 0.00003360
р 0.00145179 0.00090231 0.00000124 0.00012259 0.00098570 0.00278597
с 0.00035284 0.00266649 0.00000062 0.00010703 0.00290607 0.00280899
т 0.00132111 0.00505481 0.00000062 0.00004480 0.00050094 0.00449538
у 0.00000000 0.00000000 0.00002116 0.00092409 0.00006161 0.00557691
ф 0.00000996 0.00000436 0.00000062 0.00000187 0.00000000 0.00016615
х 0.00000000 0.00000000 0.00000062 0.00000000 0.00000000 0.00334042
ц 0.00014499 0.00000000 0.00000000 0.00000000 0.00000311 0.00023771
ч 0.00000000 0.00016615 0.00000000 0.00000000 0.00000000 0.00032981
ш 0.00000000 0.00024642 0.00000000 0.00000000 0.00000000 0.00008650
щ 0.00000000 0.00001493 0.00000000 0.00000000 0.00000000 0.00000871
ъ 0.00000000 0.00000000 0.00000000 0.00010703 0.00010330 0.00000062
ы 0.00000000 0.00000000 0.00000187 0.00000000 0.00000249 0.00388616
ь 0.00000000 0.00000000 0.00000124 0.00036777 0.00045800 0.00908784
э 0.00000000 0.00000000 0.00000000 0.00000000 0.00000000 0.00001245
ю 0.00000000 0.00000000 0.00000187 0.00003111 0.00000000 0.00315809
я 0.00000000 0.00000000 0.00000187 0.00011077 0.00016491 0.01020173
  0.00000000 0.00000124 0.00242380 0.00003298 0.00128999 0.00000000
